1	19 
2	23 
3	28 
4	2 
5	16 
6	34 
7	4 
8	15 
9	16 
10	25 
11	24 
12	5 
13	16 
14	25 
15	19 
16	30 
17	14 
18	2 
19	10 
20	24 
21	15 
22	34 
23	14 
24	2 
25	11 
26	28 
27	26 
28	3 
29	8 
30	23 
31	1 
32	3 
33	21 
34	14 
35	35 
36	14 
37	8 
38	13 
39	7 
40	10 
41	34 
42	2 
43	27 
44	14 
45	3 
46	30 
47	15 
48	1 
49	27 
50	25 
51	35 
52	10 
53	9 
54	1 
55	22 
56	26 
57	16 
58	6 
59	21 
60	18 
61	19 
62	18 
63	3 
64	35 
65	5 
66	35 
67	10 
68	1 
69	21 
70	20 
71	25 
72	36 
73	35 
74	20 
75	34 
76	31 
77	9 
78	35 
79	34 
80	8 
81	17 
82	18 
83	1 
84	28 
85	18 
86	32 
87	5 
88	8 
89	3 
90	30 
91	15 
92	13 
93	34 
94	24 
95	22 
96	32 
97	23 
98	27 
99	35 
100	5 
101	5 
102	16 
103	3 
104	3 
105	16 
106	13 
107	19 
108	34 
109	32 
110	20 
111	8 
112	16 
113	35 
114	1 
115	31 
116	24 
117	4 
118	8 
119	20 
120	8 
121	32 
122	17 
123	30 
124	11 
125	33 
126	28 
127	22 
128	13 
129	11 
130	34 
131	31 
132	6 
133	22 
134	4 
135	21 
136	32 
137	31 
138	14 
139	30 
140	30 
141	11 
142	6 
143	4 
144	5 
145	9 
146	26 
147	25 
148	32 
149	23 
150	9 
151	18 
152	12 
153	3 
154	4 
155	12 
156	20 
157	32 
158	30 
159	13 
160	14 
161	28 
162	21 
163	35 
164	1 
165	36 
166	19 
167	6 
168	1 
169	22 
170	5 
171	5 
172	11 
173	25 
174	26 
175	2 
176	29 
177	28 
178	36 
179	1 
180	19 
181	1 
182	16 
183	33 
184	22 
185	24 
186	22 
187	36 
188	13 
189	3 
190	5 
191	1 
192	12 
193	34 
194	8 
195	24 
196	16 
197	12 
198	24 
199	16 
200	25 
201	15 
202	24 
203	14 
204	32 
205	6 
206	12 
207	27 
208	29 
209	20 
210	33 
211	21 
212	27 
213	5 
214	23 
215	35 
216	18 
217	20 
218	27 
219	11 
220	6 
221	3 
222	23 
223	27 
224	17 
225	35 
226	18 
227	16 
228	9 
229	30 
230	25 
231	31 
232	36 
233	8 
234	19 
235	13 
236	12 
237	2 
238	10 
239	35 
240	6 
241	11 
242	19 
243	15 
244	18 
245	9 
246	30 
247	14 
248	27 
249	16 
250	36 
251	18 
252	24 
253	25 
254	32 
255	4 
256	8 
257	34 
258	7 
259	24 
260	28 
261	7 
262	16 
263	4 
264	22 
265	26 
266	17 
267	1 
268	6 
269	14 
270	10 
271	25 
272	6 
273	12 
274	2 
275	26 
276	16 
277	32 
278	26 
279	6 
280	11 
281	30 
282	22 
283	10 
284	9 
285	13 
286	21 
287	4 
288	18 
289	8 
290	19 
291	13 
292	10 
293	21 
294	22 
295	11 
296	6 
297	13 
298	20 
299	18 
300	27 
301	26 
302	12 
303	8 
304	6 
305	11 
306	9 
307	6 
308	7 
309	20 
310	13 
311	1 
312	4 
313	36 
314	36 
315	13 
316	2 
317	12 
318	28 
319	29 
320	28 
321	16 
322	20 
323	34 
324	14 
325	13 
326	32 
327	3 
328	36 
329	36 
330	17 
331	23 
332	15 
333	30 
334	34 
335	18 
336	20 
337	3 
338	29 
339	31 
340	5 
341	30 
342	14 
343	23 
344	18 
345	36 
346	29 
347	7 
348	29 
349	10 
350	36 
351	8 
352	6 
353	4 
354	18 
355	24 
356	36 
357	30 
358	9 
359	26 
360	7 
361	36 
362	25 
363	11 
364	27 
365	21 
366	8 
367	31 
368	31 
369	6 
370	35 
371	27 
372	17 
373	25 
374	7 
375	19 
376	10 
377	14 
378	22 
379	5 
380	11 
381	5 
382	16 
383	19 
384	28 
385	22 
386	25 
387	28 
388	12 
389	3 
390	27 
391	32 
392	24 
393	30 
394	25 
395	10 
396	24 
397	11 
398	11 
399	4 
400	3 
401	31 
402	34 
403	20 
404	20 
405	21 
406	13 
407	16 
408	12 
409	11 
410	34 
411	4 
412	6 
413	1 
414	1 
415	33 
416	23 
417	15 
418	5 
419	34 
420	19 
421	17 
422	9 
423	15 
424	14 
425	29 
426	12 
427	31 
428	17 
429	26 
430	29 
431	5 
432	1 
433	2 
434	31 
435	7 
436	10 
437	3 
438	24 
439	7 
440	2 
441	10 
442	15 
443	14 
444	27 
445	28 
446	21 
447	31 
448	15 
449	2 
450	21 
451	19 
452	4 
453	13 
454	6 
455	32 
456	23 
457	31 
458	7 
459	33 
460	11 
461	36 
462	15 
463	10 
464	23 
465	30 
466	3 
467	7 
468	13 
469	19 
470	15 
471	10 
472	9 
473	36 
474	24 
475	36 
476	2 
477	30 
478	6 
479	23 
480	18 
481	21 
482	7 
483	2 
484	15 
485	14 
486	7 
487	12 
488	6 
489	35 
490	17 
491	29 
492	27 
493	11 
494	29 
495	24 
496	4 
497	22 
498	15 
499	14 
500	2 
501	6 
502	9 
503	18 
504	16 
505	35 
506	19 
507	10 
508	24 
509	34 
510	4 
511	20 
512	2 
513	10 
514	22 
515	25 
516	15 
517	31 
518	30 
519	22 
520	24 
521	7 
522	14 
523	29 
524	21 
525	9 
526	32 
527	21 
528	1 
529	30 
530	35 
531	8 
532	26 
533	15 
534	3 
535	3 
536	7 
537	23 
538	2 
539	9 
540	35 
541	21 
542	21 
543	4 
544	16 
545	23 
546	13 
547	17 
548	2 
549	23 
550	25 
551	4 
552	35 
553	29 
554	12 
555	34 
556	16 
557	2 
558	29 
559	7 
560	33 
561	31 
562	6 
563	2 
564	15 
565	27 
566	32 
567	22 
568	24 
569	20 
570	17 
571	21 
572	12 
573	5 
574	13 
575	15 
576	23 
577	29 
578	21 
579	35 
580	5 
581	12 
582	34 
583	2 
584	11 
585	7 
586	29 
587	31 
588	26 
589	9 
590	16 
591	11 
592	8 
593	2 
594	15 
595	7 
596	5 
597	36 
598	1 
599	23 
600	23 
601	31 
602	29 
603	29 
604	8 
605	17 
606	14 
607	27 
608	31 
609	19 
610	8 
611	9 
612	28 
613	30 
614	13 
615	6 
616	36 
617	14 
618	6 
619	28 
620	21 
621	6 
622	27 
623	15 
624	5 
625	2 
626	20 
627	20 
628	14 
629	7 
630	32 
631	9 
632	29 
633	30 
634	23 
635	33 
636	16 
637	33 
638	17 
639	13 
640	33 
641	14 
642	34 
643	20 
644	8 
645	5 
646	23 
647	36 
648	26 
649	27 
650	9 
651	1 
652	11 
653	7 
654	6 
655	11 
656	17 
657	31 
658	23 
659	2 
660	34 
661	25 
662	26 
663	32 
664	8 
665	14 
666	23 
667	32 
668	26 
669	36 
670	27 
671	34 
672	33 
673	28 
674	13 
675	33 
676	8 
677	27 
678	12 
679	31 
680	27 
681	1 
682	20 
683	12 
684	12 
685	2 
686	5 
687	31 
688	7 
689	24 
690	36 
691	7 
692	33 
693	26 
694	15 
695	6 
696	7 
697	6 
698	19 
699	8 
700	19 
701	1 
702	22 
703	28 
704	33 
705	9 
706	12 
707	34 
708	24 
709	16 
710	25 
711	28 
712	28 
713	1 
714	19 
715	22 
716	9 
717	13 
718	20 
719	34 
720	7 
721	16 
722	28 
723	36 
724	25 
725	17 
726	20 
727	32 
728	12 
729	19 
730	8 
731	17 
732	32 
733	13 
734	17 
735	13 
736	34 
737	32 
738	14 
739	34 
740	22 
741	19 
742	15 
743	16 
744	17 
745	25 
746	32 
747	20 
748	17 
749	14 
750	24 
751	25 
752	23 
753	26 
754	32 
755	17 
756	9 
757	19 
758	7 
759	20 
760	2 
761	19 
762	32 
763	28 
764	12 
765	22 
766	32 
767	28 
768	12 
769	13 
770	15 
771	33 
772	17 
773	20 
774	24 
775	24 
776	15 
777	33 
778	16 
779	13 
780	32 
781	19 
782	26 
783	22 
784	23 
785	23 
786	22 
787	22 
788	19 
789	36 
790	36 
791	2 
792	36 
793	16 
794	19 
795	25 
796	24 
797	24 
798	32 
799	17 
800	32 
801	13 
802	14 
803	22 
804	12 
805	12 
806	26 
807	23 
808	33 
809	2 
810	22 
811	9 
812	28 
813	7 
814	17 
815	28 
816	32 
817	14 
818	7 
819	25 
820	9 
821	26 
822	16 
823	9 
824	22 
825	12 
826	9 
827	33 
828	25 
829	23 
830	22 
831	15 
832	15 
833	17 
834	26 
835	9 
836	15 
837	32 
838	15 
839	16 
840	16 
841	9 
842	25 
843	17 
844	26 
845	9 
846	22 
847	22 
848	25 
849	25 
850	28 
851	22 
852	28 
853	28 
854	28 
855	32 
856	16 
857	16 
858	17 
859	22 
860	25 
861	26 
862	15 
863	9 
864	12 
865	22 
866	12 
867	26 
868	15 
869	33 
870	28 
871	15 
872	9 
873	28 
874	12 
875	15 
876	25 
877	9 
878	9 
879	12 
880	9 
881	26 
882	33 
883	25 
884	28 
885	15 
886	33 
887	25 
888	17 
889	33 
890	25 
891	33 
892	28 
893	33 
894	12 
895	25 
896	33 
897	9 
898	26 
899	28 
900	12 
901	28 
902	26 
903	17 
904	12 
905	17 
906	28 
907	26 
908	28 
909	33 
910	12 
911	26 
912	25 
913	12 
914	17 
915	25 
916	33 
917	25 
918	26 
919	17 
920	17 
921	33 
922	17 
923	25 
924	26 
925	28 
926	17 
927	28 
928	28 
929	25 
930	26 
931	12 
932	26 
933	12 
934	25 
935	26 
936	33 
937	33 
938	12 
939	17 
940	25 
941	33 
942	25 
943	12 
944	26 
945	28 
946	12 
947	33 
948	28 
949	26 
950	33 
951	26 
952	12 
953	28 
954	26 
955	17 
956	26 
957	33 
958	26 
959	33 
960	26 
961	26 
962	33 
963	28 
964	33 
965	33 
966	33 
967	26 
968	17 
969	33 
970	17 
971	26 
972	17 
973	33 
974	33 
975	17 
976	26 
977	26 
978	33 
979	17 
980	17 
981	33 
982	17 
983	17 
984	17 
985	33 
986	33 
987	33 
988	33 
989	17 
990	33 
991	26 
992	17 
993	33 
994	26 
995	17 
996	33 
997	26 
998	17 
999	17 
1000	26 
